# Gripper events detected from /home/anant/tonks_ws/src/ur_simulation_gz/episode_0_2025-06-02-011705Z-ur5e_single_4-3fdbccb0cd43_filtered.h5
# Threshold: 0.01
# Format: index time event_type joint1 joint2 joint3 joint4 joint5 joint6 gripper_position
224 4.480000 open 1.184350 -1.637801 2.390366 -2.180853 -1.509582 -0.632439 0.079589
240 4.800000 close 1.197528 -1.634868 2.392967 -2.207963 -1.508247 -0.640201 0.010668
351 7.020000 open 1.261793 -1.280513 1.810262 -2.147902 -1.429572 -0.096006 0.044164
352 7.040000 close 1.257123 -1.293655 1.818963 -2.141502 -1.411349 -0.093386 0.007748
362 7.240000 open 1.260560 -1.288460 1.827765 -2.149540 -1.414015 -0.097321 0.035743
368 7.360000 close 1.265013 -1.278187 1.829697 -2.156687 -1.416478 -0.102334 0.043590
576 11.520000 open 2.072712 -1.115957 1.550762 -2.040524 -1.439902 0.015650 0.043949
656 13.120000 close 1.563836 -1.108783 1.793344 -2.266751 -1.620360 0.073784 0.018933
815 16.300000 open 1.756455 -1.235952 1.211031 -1.741629 -1.523486 0.208385 0.074281
867 17.340000 close 1.165834 -1.068900 1.857663 -2.369462 -1.741136 -0.041612 0.070440
926 18.520000 open 1.543327 -0.794195 1.212705 -2.549739 -1.306222 0.045765 0.043249
928 18.560000 close 1.547998 -0.794214 1.235466 -2.594373 -1.311274 0.049474 0.008177
935 18.700000 open 1.554231 -0.783586 1.229494 -2.616185 -1.321019 0.048013 0.036963
944 18.880000 close 1.559529 -0.822547 1.270386 -2.611197 -1.347817 0.102516 0.066251
1025 20.500000 open 1.505724 -0.971020 1.329738 -2.097678 -1.457991 -0.216361 0.030194
1090 21.800000 close 1.453847 -0.816671 1.287317 -2.103515 -1.831056 -0.138093 0.058872
1103 22.060000 open 1.426677 -0.821291 1.267484 -2.098471 -1.755876 -0.134779 0.029083
1104 22.080000 close 1.435254 -0.821541 1.274271 -2.099781 -1.760999 -0.141867 0.008228
1110 22.200000 open 1.430931 -0.831536 1.265037 -2.102957 -1.757849 -0.141432 0.023340
1120 22.400000 close 1.432614 -0.816150 1.257731 -2.106715 -1.762438 -0.137890 0.052832
1152 23.040000 open 1.432707 -0.824238 1.291216 -2.099086 -1.761951 -0.134952 0.058257
1159 23.180000 close 1.427454 -0.822359 1.311018 -2.104028 -1.748799 -0.155231 0.062092
1180 23.600000 open 1.412284 -0.842002 1.316459 -2.111759 -1.585083 -0.155559 0.030923
1184 23.680000 close 1.415757 -0.839676 1.317167 -2.123929 -1.581640 -0.153894 0.009660
1190 23.800000 open 1.417645 -0.837611 1.317252 -2.120504 -1.585372 -0.152611 0.026222
1338 26.760000 close 1.402699 -0.923652 1.591823 -2.457733 -1.365676 0.392445 0.052522
1394 27.880000 open 1.410116 -0.820207 1.197432 -2.617444 -1.410683 0.554723 0.034927
1493 29.860000 close 1.676184 -0.921131 1.743632 -2.853539 -1.428886 0.308041 0.021563
1563 31.260000 open 1.486364 -0.700528 1.163777 -2.751207 -1.579930 1.008755 0.030694
1568 31.360000 close 1.487698 -0.703626 1.173325 -2.744937 -1.591208 1.010977 0.027061
1572 31.440000 open 1.491559 -0.726595 1.202801 -2.737207 -1.596686 1.024501 0.058049
1776 35.520000 close 1.131025 -0.870670 1.587024 -2.478720 -1.724967 0.709957 0.054171
1824 36.480000 open 1.146125 -0.856891 1.575837 -2.505162 -1.724730 0.695526 0.026531
2080 41.600000 close 2.114908 -0.927960 1.544515 -2.525742 -1.508337 0.804325 0.008686
2123 42.460000 open 2.105148 -0.997029 1.592979 -2.535881 -1.518023 0.848824 0.028534
2128 42.560000 close 2.105274 -0.995811 1.594878 -2.530906 -1.526917 0.844963 0.007193
2144 42.880000 open 1.995824 -1.270418 1.480429 -2.281306 -1.576685 0.839702 0.028021
2236 44.720000 close 0.918793 -1.397106 2.467056 -2.659248 -1.702590 0.112990 0.060840
2247 44.940000 open 0.899263 -1.423596 2.470479 -2.678771 -1.657692 0.113231 0.052446
2286 45.720000 close 0.833516 -1.361242 2.526883 -2.852746 -1.578547 -0.027120 0.072001
2352 47.040000 open 1.524538 -0.766194 1.095903 -2.717196 -1.460959 0.867691 0.021451
2528 50.560000 close 1.815085 -1.614036 2.050842 -2.019375 -1.351751 -0.295654 0.010159
2574 51.480000 open 1.596871 -0.796945 1.208039 -2.819466 -1.357011 0.386966 0.027581
2576 51.520000 close 1.601526 -0.808985 1.212708 -2.821033 -1.354887 0.385029 0.011094
2577 51.540000 open 1.604071 -0.809081 1.215176 -2.821897 -1.354895 0.383660 0.034099
2692 53.840000 close 1.166791 -1.563799 2.592041 -2.682234 -1.549554 -0.384865 0.058680
2800 56.000000 open 1.846281 -1.145676 1.688617 -2.588005 -1.290520 0.422682 0.061985
2816 56.320000 close 1.846466 -1.140682 1.690198 -2.599780 -1.303780 0.427672 0.013783
2868 57.360000 open 1.844870 -1.176635 1.749364 -2.588091 -1.360911 0.417352 0.032034
3000 60.000000 close 1.228382 -0.770349 1.175402 -2.424513 -1.828080 0.666800 0.061492
3123 62.460000 open 2.113012 -0.977819 1.296391 -2.254844 -1.616561 0.639597 0.033566
3186 63.720000 close 1.123427 -1.280420 2.127702 -2.522182 -1.910434 0.485606 0.074086
3216 64.320000 open 1.342321 -1.363118 2.075686 -2.722593 -1.857296 0.542788 0.029117
